d = 2.000000
rd = 2.000000
rcd = 2.000000
b.i = 5
ra.i = 5
rca.i = 5
