d1 = 1.000000
d2 = 0.000000
