`g' called
d = 0.000000
d = 3.140000
