d[0] = 0.000000
d[1] = 1.000000
d[2] = 2.000000
d[3] = 3.000000
d[4] = 4.000000
