v[0] = (1.000000, 0.000000)
v[1] = (1.000000, 2.000000)
v[2] = (0.000000, 0.000000)
v[3] = (2.000000, 0.000000)
v[4] = (0.000000, 0.000000)
v[5] = (0.000000, 0.000000)
