x.re = 1.000000, x.im = 2.300000
x.re = 7.800000, x.im = 1.200000
