n = -1
u.c = 0.500000
v.c = 2.000000
