x.m = 1.000000 y.m = 2
x.m = 3.000000 y.m = 3
