v1[0] = 7
v1[1] = 0
v1[2] = 0
v2[0] = (0.000000, 0.000000) v3[0] = (0.000000, 0.000000)
v2[1] = (7.000000, 8.000000) v3[1] = (0.000000, 0.000000)
v2[2] = (0.000000, 0.000000) v3[2] = (7.000000, 8.000000)
