a = 1.000000, b = 2
a = 3.000000, b = 0
