x.m = 1 x.m1 = 2.000000
y.m = 1 y.m1 = 3.000000
ok
