y.a = 1
y.b = 2.000000
y.c.mem1 = 3
y.c.mem2 = 4.000000
