si.m = 0
si2.m = 3
sd.m = 3.000000
sd2.m = 3.000000
ok
ok
