a = 1
a = 2.300000 b = 4.500000
`f()' called
