x = 10.000000
d = 10.000000
d2 = 4.000000
