x = 10.000000
d = 10.000000
