x.a = 1 x.b = 2 x.c = 3.000000
x.a = 1 x.b = 2 x.c = 3.000000 d = 4.000000
x.a = 1 x.b = 2 x.c = 3.000000 t = foo
