s0.x0 = 1
s1.x1 = 2
s2.x2 = 3.000000 s2.x3 = 4.000000
s3.x4 = 5 s3.x5 = 6 s3.x6 = 7
