a.x = 1
a.y = 2.000000
b.x = 3.000000
b.y = 4.000000
