bi.b = -1
dd.b = 2.000000, d = -1.500000
