x.a = 1, x.b = 2.000000
y.a = 0, y.b = 0.000000
x.m2 = 3.000000, y.m2 = 4.000000
