v.m = 1
v = 2
*a = 3.000000
v = 4.000000
a.x = 5
v = hoge
