a = (1.000000,0.000000)
b = (1.000000,0.000000)
c = (1.000000,2.000000)
d = (2.000000,2.000000)
e = (0.000000,0.000000)
f = (3.000000,0.000000)
v[0] = (1.000000,0.000000)
v[1] = (1.000000,2.000000)
v[2] = (0.000000,0.000000)
v[3] = (2.000000,0.000000)
v[4] = (0.000000,0.000000)
v[5] = (0.000000,0.000000)
x = (99, 88.800003, (77.700000,0.000000))
